session: 4
indices training: [130  21  85  98 128  14 113  40  77  39 138  33 135 132 116 139 131  24
 136  10  11  63  51  20  60  34 134  44 117 104  12  36  22 122  54  16
  90  84  23  57 107   6  27  80  38 125  95  89  42 106   3  43  25  52
 101 115  13   1 129   9  47  86  94  53  67 123  73   2  87   0  96  30
  97  61 124  55  92 137  50  49  91  75  31  82  26  65  18 126  17  68
  29  28  69 111  76 112  79  32 118  74  64 120  45  99  41  58 119  59
  66 108 105  88]
indices testing: [  4   5   7   8  15  19  35  37  46  48  56  62  70  71  72  78  81  83
  93 100 102 103 109 110 114 121 127 133]
model architecture: offset10-model
